|bandpass_frequency|bandpass_weight|
|            double|         double|
|               GHz|               |
|              null|           null|
              128.0             1.0 
 132.11111111111111             1.0 
 136.22222222222223             1.0 
 140.33333333333334             1.0 
 144.44444444444446             1.0 
 148.55555555555554             1.0 
 152.66666666666666             1.0 
 156.77777777777777             1.0 
 160.88888888888889             1.0 
              165.0             1.0 
