|bandpass_frequency|bandpass_weight|
|            double|         double|
|               GHz|               |
|              null|           null|
               30.9             1.0 
  32.67777777777778             1.0 
 34.455555555555556             1.0 
 36.233333333333334             1.0 
 38.011111111111106             1.0 
  39.78888888888889             1.0 
  41.56666666666666             1.0 
  43.34444444444444             1.0 
  45.12222222222222             1.0 
               46.9             1.0 
