|bandpass_frequency|bandpass_weight|
|            double|         double|
|               GHz|               |
|              null|           null|
               79.0             1.0 
  81.88888888888889             1.0 
  84.77777777777777             1.0 
  87.66666666666667             1.0 
  90.55555555555556             1.0 
  93.44444444444444             1.0 
  96.33333333333333             1.0 
  99.22222222222223             1.0 
 102.11111111111111             1.0 
              105.0             1.0 
