|bandpass_frequency|bandpass_weight|
|            double|         double|
|               GHz|               |
|              null|           null|
               75.6             1.0 
  78.48888888888888             1.0 
  81.37777777777777             1.0 
  84.26666666666667             1.0 
  87.15555555555555             1.0 
  90.04444444444444             1.0 
  92.93333333333332             1.0 
  95.82222222222222             1.0 
  98.71111111111111             1.0 
              101.6             1.0 
