|bandpass_frequency|bandpass_weight|
|            double|         double|
|               GHz|               |
|              null|           null|
              130.0             1.0 
 133.88888888888889             1.0 
 137.77777777777777             1.0 
 141.66666666666666             1.0 
 145.55555555555554             1.0 
 149.44444444444446             1.0 
 153.33333333333334             1.0 
 157.22222222222223             1.0 
 161.11111111111111             1.0 
              165.0             1.0 
