|bandpass_frequency|bandpass_weight|
|            double|         double|
|               GHz|               |
|              null|           null|
               21.7             1.0 
  22.58888888888889             1.0 
 23.477777777777778             1.0 
 24.366666666666667             1.0 
 25.255555555555553             1.0 
 26.144444444444446             1.0 
  27.03333333333333             1.0 
  27.92222222222222             1.0 
  28.81111111111111             1.0 
               29.7             1.0 
