|bandpass_frequency|bandpass_weight|
|            double|         double|
|               GHz|               |
|              null|           null|
              196.7             1.0 
 203.14444444444445             1.0 
 209.58888888888887             1.0 
 216.03333333333333             1.0 
 222.47777777777776             1.0 
 228.92222222222222             1.0 
 235.36666666666667             1.0 
  241.8111111111111             1.0 
 248.25555555555553             1.0 
              254.7             1.0 
